0,273
0,270
10,243
10,105
10,77
10,173
10,9
10,159
10,283
11,18
11,11
8,13
8,10
8,11
8,4
8,18
8,8
61,3
61,2
61,1
56,3
56,2
56,1
45,4
45,1
42,4
42,3
42,1
34,5
34,4
34,3
34,2
34,1
34,0
33,3
33,2
33,1
33,0
32,3
32,2
32,1
32,0
20,3
20,2
20,1
19,3
19,2
19,1
12,3
12,2
12,1
11,29
11,28
11,26
11,25
11,24
11,23
11,20
11,19
11,17
11,16
11,15
11,14
11,13
11,12
11,10
11,9
11,8
11,6
11,5
11,4
11,3
11,2
11,1
10,311
10,297
10,291
10,272
10,267
10,265
10,264
10,257
10,248
10,247
10,246
18,1
10,236
18,3
10,235
10,225
10,203
10,168
14,1
10,162
14,3
10,156
13,1
10,155
13,3
10,148
10,127
